Iteration 1
Array inputs: 
8 28 48 68 88 108 128 148 168 188 208 
Best case key - 108
Average case key - 48
Worst case key -9999
Iteration 2
Array inputs: 
8 28 48 68 88 108 128 148 168 188 208 228 248 268 288 308 328 348 368 388 408 
Best case key - 208
Average case key - 108
Worst case key -9999
Iteration 3
Array inputs: 
4 24 44 64 84 104 124 144 164 184 204 224 244 264 284 304 324 344 364 384 404 424 444 464 484 504 524 544 564 584 604 
Best case key - 304
Average case key - 144
Worst case key -9999
Iteration 4
Array inputs: 
4 24 44 64 84 104 124 144 164 184 204 224 244 264 284 304 324 344 364 384 404 424 444 464 484 504 524 544 564 584 604 624 644 664 684 704 724 744 764 784 804 
Best case key - 404
Average case key - 204
Worst case key -9999
Iteration 5
Array inputs: 
1 21 41 61 81 101 121 141 161 181 201 221 241 261 281 301 321 341 361 381 401 421 441 461 481 501 521 541 561 581 601 621 641 661 681 701 721 741 761 781 801 821 841 861 881 901 921 941 961 981 1001 
Best case key - 501
Average case key - 241
Worst case key -9999
Iteration 6
Array inputs: 
2 22 42 62 82 102 122 142 162 182 202 222 242 262 282 302 322 342 362 382 402 422 442 462 482 502 522 542 562 582 602 622 642 662 682 702 722 742 762 782 802 822 842 862 882 902 922 942 962 982 1002 1022 1042 1062 1082 1102 1122 1142 1162 1182 1202 
Best case key - 602
Average case key - 302
Worst case key -9999
Iteration 7
Array inputs: 
0 20 40 60 80 100 120 140 160 180 200 220 240 260 280 300 320 340 360 380 400 420 440 460 480 500 520 540 560 580 600 620 640 660 680 700 720 740 760 780 800 820 840 860 880 900 920 940 960 980 1000 1020 1040 1060 1080 1100 1120 1140 1160 1180 1200 1220 1240 1260 1280 1300 1320 1340 1360 1380 1400 
Best case key - 700
Average case key - 340
Worst case key -9999
Iteration 8
Array inputs: 
9 29 49 69 89 109 129 149 169 189 209 229 249 269 289 309 329 349 369 389 409 429 449 469 489 509 529 549 569 589 609 629 649 669 689 709 729 749 769 789 809 829 849 869 889 909 929 949 969 989 1009 1029 1049 1069 1089 1109 1129 1149 1169 1189 1209 1229 1249 1269 1289 1309 1329 1349 1369 1389 1409 1429 1449 1469 1489 1509 1529 1549 1569 1589 1609 
Best case key - 809
Average case key - 409
Worst case key -9999
Iteration 9
Array inputs: 
2 22 42 62 82 102 122 142 162 182 202 222 242 262 282 302 322 342 362 382 402 422 442 462 482 502 522 542 562 582 602 622 642 662 682 702 722 742 762 782 802 822 842 862 882 902 922 942 962 982 1002 1022 1042 1062 1082 1102 1122 1142 1162 1182 1202 1222 1242 1262 1282 1302 1322 1342 1362 1382 1402 1422 1442 1462 1482 1502 1522 1542 1562 1582 1602 1622 1642 1662 1682 1702 1722 1742 1762 1782 1802 
Best case key - 902
Average case key - 442
Worst case key -9999
Iteration 10
Array inputs: 
6 26 46 66 86 106 126 146 166 186 206 226 246 266 286 306 326 346 366 386 406 426 446 466 486 506 526 546 566 586 606 626 646 666 686 706 726 746 766 786 806 826 846 866 886 906 926 946 966 986 1006 1026 1046 1066 1086 1106 1126 1146 1166 1186 1206 1226 1246 1266 1286 1306 1326 1346 1366 1386 1406 1426 1446 1466 1486 1506 1526 1546 1566 1586 1606 1626 1646 1666 1686 1706 1726 1746 1766 1786 1806 1826 1846 1866 1886 1906 1926 1946 1966 1986 2006 
Best case key - 1006
Average case key - 506
Worst case key -9999
