Matrix 0 is 
0 

Matrix 1 is 
0 1 
0 0 

Matrix 2 is 
0 1 1 
0 0 1 
0 0 0 

Matrix 3 is 
0 1 1 1 
0 0 1 1 
0 0 0 1 
0 0 0 0 

Matrix 4 is 
0 1 1 1 1 
0 0 1 1 1 
0 0 0 1 1 
0 0 0 0 1 
0 0 0 0 0 

Matrix 5 is 
0 1 1 1 1 1 
0 0 1 1 1 1 
0 0 0 1 1 1 
0 0 0 0 1 1 
0 0 0 0 0 1 
0 0 0 0 0 0 

Matrix 6 is 
0 1 1 1 1 1 1 
0 0 1 1 1 1 1 
0 0 0 1 1 1 1 
0 0 0 0 1 1 1 
0 0 0 0 0 1 1 
0 0 0 0 0 0 1 
0 0 0 0 0 0 0 

Matrix 7 is 
0 1 1 1 1 1 1 1 
0 0 1 1 1 1 1 1 
0 0 0 1 1 1 1 1 
0 0 0 0 1 1 1 1 
0 0 0 0 0 1 1 1 
0 0 0 0 0 0 1 1 
0 0 0 0 0 0 0 1 
0 0 0 0 0 0 0 0 

Matrix 8 is 
0 1 1 1 1 1 1 1 1 
0 0 1 1 1 1 1 1 1 
0 0 0 1 1 1 1 1 1 
0 0 0 0 1 1 1 1 1 
0 0 0 0 0 1 1 1 1 
0 0 0 0 0 0 1 1 1 
0 0 0 0 0 0 0 1 1 
0 0 0 0 0 0 0 0 1 
0 0 0 0 0 0 0 0 0 

Matrix 9 is 
0 1 1 1 1 1 1 1 1 1 
0 0 1 1 1 1 1 1 1 1 
0 0 0 1 1 1 1 1 1 1 
0 0 0 0 1 1 1 1 1 1 
0 0 0 0 0 1 1 1 1 1 
0 0 0 0 0 0 1 1 1 1 
0 0 0 0 0 0 0 1 1 1 
0 0 0 0 0 0 0 0 1 1 
0 0 0 0 0 0 0 0 0 1 
0 0 0 0 0 0 0 0 0 0 

