Best case input: 71 21 -29 -79 -129 -179 -229 -279 -329 -379 
Average case input: 43 13 58 70 45 6 92 18 43 75 
Worst case input: 93 98 103 108 113 118 123 128 133 138 
Best case input: 122 72 22 -28 -78 -128 -178 -228 -278 -328 -378 -428 -478 -528 -578 -628 -678 -728 -778 -828 
Average case input: 47 86 61 2 8 28 34 34 24 84 46 6 0 73 78 60 89 11 84 45 
Worst case input: 41 46 51 56 61 66 71 76 81 86 91 96 101 106 111 116 121 126 131 136 
Best case input: 165 115 65 15 -35 -85 -135 -185 -235 -285 -335 -385 -435 -485 -535 -585 -635 -685 -735 -785 -835 -885 -935 -985 -1035 -1085 -1135 -1185 -1235 -1285 
Average case input: 27 0 86 57 22 32 98 16 70 52 24 72 32 92 74 27 6 25 80 66 64 97 24 78 43 44 66 45 13 33 
Worst case input: 30 35 40 45 50 55 60 65 70 75 80 85 90 95 100 105 110 115 120 125 130 135 140 145 150 155 160 165 170 175 
Best case input: 221 171 121 71 21 -29 -79 -129 -179 -229 -279 -329 -379 -429 -479 -529 -579 -629 -679 -729 -779 -829 -879 -929 -979 -1029 -1079 -1129 -1179 -1229 -1279 -1329 -1379 -1429 -1479 -1529 -1579 -1629 -1679 -1729 
Average case input: 16 97 83 40 95 57 46 27 17 63 79 65 45 28 32 42 25 43 72 29 83 15 89 21 9 84 89 71 36 27 53 9 39 9 47 53 61 47 86 69 
Worst case input: 80 85 90 95 100 105 110 115 120 125 130 135 140 145 150 155 160 165 170 175 180 185 190 195 200 205 210 215 220 225 230 235 240 245 250 255 260 265 270 275 
Best case input: 823 773 723 673 623 573 523 473 423 373 323 273 223 173 123 73 23 -27 -77 -127 -177 -227 -277 -327 -377 -427 -477 -527 -577 -627 -677 -727 -777 -827 -877 -927 -977 -1027 -1077 -1127 -1177 -1227 -1277 -1327 -1377 -1427 -1477 -1527 -1577 -1627 
Average case input: 60 53 96 77 95 90 7 71 3 82 38 5 51 31 12 70 13 4 53 75 63 66 10 88 80 83 79 8 27 77 81 76 2 85 29 33 85 94 64 66 38 60 17 35 69 83 16 60 55 25 
Worst case input: 52 57 62 67 72 77 82 87 92 97 102 107 112 117 122 127 132 137 142 147 152 157 162 167 172 177 182 187 192 197 202 207 212 217 222 227 232 237 242 247 252 257 262 267 272 277 282 287 292 297 
Best case input: 476 426 376 326 276 226 176 126 76 26 -24 -74 -124 -174 -224 -274 -324 -374 -424 -474 -524 -574 -624 -674 -724 -774 -824 -874 -924 -974 -1024 -1074 -1124 -1174 -1224 -1274 -1324 -1374 -1424 -1474 -1524 -1574 -1624 -1674 -1724 -1774 -1824 -1874 -1924 -1974 -2024 -2074 -2124 -2174 -2224 -2274 -2324 -2374 -2424 -2474 
Average case input: 52 39 40 90 7 11 29 97 17 31 67 30 98 40 4 70 98 94 73 16 96 59 19 89 11 66 89 83 55 41 1 83 51 88 8 6 10 48 34 62 42 92 53 32 67 55 33 85 38 6 12 17 22 3 66 7 55 7 28 39 
Worst case input: 40 45 50 55 60 65 70 75 80 85 90 95 100 105 110 115 120 125 130 135 140 145 150 155 160 165 170 175 180 185 190 195 200 205 210 215 220 225 230 235 240 245 250 255 260 265 270 275 280 285 290 295 300 305 310 315 320 325 330 335 
Best case input: 556 506 456 406 356 306 256 206 156 106 56 6 -44 -94 -144 -194 -244 -294 -344 -394 -444 -494 -544 -594 -644 -694 -744 -794 -844 -894 -944 -994 -1044 -1094 -1144 -1194 -1244 -1294 -1344 -1394 -1444 -1494 -1544 -1594 -1644 -1694 -1744 -1794 -1844 -1894 -1944 -1994 -2044 -2094 -2144 -2194 -2244 -2294 -2344 -2394 -2444 -2494 -2544 -2594 -2644 -2694 -2744 -2794 -2844 -2894 
Average case input: 84 36 68 21 56 66 29 98 40 98 1 27 53 67 18 29 40 26 80 91 90 29 20 13 89 13 82 18 95 59 99 98 2 27 16 19 27 0 96 98 2 95 96 20 14 87 15 58 65 96 76 20 83 87 13 36 36 18 51 19 87 85 75 96 1 35 19 10 29 76 
Worst case input: 29 34 39 44 49 54 59 64 69 74 79 84 89 94 99 104 109 114 119 124 129 134 139 144 149 154 159 164 169 174 179 184 189 194 199 204 209 214 219 224 229 234 239 244 249 254 259 264 269 274 279 284 289 294 299 304 309 314 319 324 329 334 339 344 349 354 359 364 369 374 
Best case input: 106 56 6 -44 -94 -144 -194 -244 -294 -344 -394 -444 -494 -544 -594 -644 -694 -744 -794 -844 -894 -944 -994 -1044 -1094 -1144 -1194 -1244 -1294 -1344 -1394 -1444 -1494 -1544 -1594 -1644 -1694 -1744 -1794 -1844 -1894 -1944 -1994 -2044 -2094 -2144 -2194 -2244 -2294 -2344 -2394 -2444 -2494 -2544 -2594 -2644 -2694 -2744 -2794 -2844 -2894 -2944 -2994 -3044 -3094 -3144 -3194 -3244 -3294 -3344 -3394 -3444 -3494 -3544 -3594 -3644 -3694 -3744 -3794 -3844 
Average case input: 96 87 40 32 80 80 49 30 33 53 51 9 64 60 86 81 76 55 24 43 65 23 5 1 14 94 69 0 2 0 11 48 43 67 80 65 63 42 32 66 14 3 37 23 7 89 10 19 83 8 73 1 23 50 12 29 22 54 68 75 18 11 40 8 13 79 77 38 71 0 70 41 30 75 73 1 50 79 86 46 
Worst case input: 22 27 32 37 42 47 52 57 62 67 72 77 82 87 92 97 102 107 112 117 122 127 132 137 142 147 152 157 162 167 172 177 182 187 192 197 202 207 212 217 222 227 232 237 242 247 252 257 262 267 272 277 282 287 292 297 302 307 312 317 322 327 332 337 342 347 352 357 362 367 372 377 382 387 392 397 402 407 412 417 
Best case input: 81 31 -19 -69 -119 -169 -219 -269 -319 -369 -419 -469 -519 -569 -619 -669 -719 -769 -819 -869 -919 -969 -1019 -1069 -1119 -1169 -1219 -1269 -1319 -1369 -1419 -1469 -1519 -1569 -1619 -1669 -1719 -1769 -1819 -1869 -1919 -1969 -2019 -2069 -2119 -2169 -2219 -2269 -2319 -2369 -2419 -2469 -2519 -2569 -2619 -2669 -2719 -2769 -2819 -2869 -2919 -2969 -3019 -3069 -3119 -3169 -3219 -3269 -3319 -3369 -3419 -3469 -3519 -3569 -3619 -3669 -3719 -3769 -3819 -3869 -3919 -3969 -4019 -4069 -4119 -4169 -4219 -4269 -4319 -4369 
Average case input: 11 13 87 82 81 89 83 20 63 94 49 88 44 97 27 87 62 76 48 19 56 31 51 85 40 91 63 13 33 26 73 98 90 48 79 34 84 20 47 84 68 34 99 76 41 91 89 42 44 53 66 4 77 5 31 33 25 94 52 38 32 44 61 70 37 49 61 28 52 54 68 57 75 77 36 95 36 90 16 82 34 20 33 24 74 58 68 74 89 81 
Worst case input: 84 89 94 99 104 109 114 119 124 129 134 139 144 149 154 159 164 169 174 179 184 189 194 199 204 209 214 219 224 229 234 239 244 249 254 259 264 269 274 279 284 289 294 299 304 309 314 319 324 329 334 339 344 349 354 359 364 369 374 379 384 389 394 399 404 409 414 419 424 429 434 439 444 449 454 459 464 469 474 479 484 489 494 499 504 509 514 519 524 529 
Best case input: 973 923 873 823 773 723 673 623 573 523 473 423 373 323 273 223 173 123 73 23 -27 -77 -127 -177 -227 -277 -327 -377 -427 -477 -527 -577 -627 -677 -727 -777 -827 -877 -927 -977 -1027 -1077 -1127 -1177 -1227 -1277 -1327 -1377 -1427 -1477 -1527 -1577 -1627 -1677 -1727 -1777 -1827 -1877 -1927 -1977 -2027 -2077 -2127 -2177 -2227 -2277 -2327 -2377 -2427 -2477 -2527 -2577 -2627 -2677 -2727 -2777 -2827 -2877 -2927 -2977 -3027 -3077 -3127 -3177 -3227 -3277 -3327 -3377 -3427 -3477 -3527 -3577 -3627 -3677 -3727 -3777 -3827 -3877 -3927 -3977 
Average case input: 19 51 96 26 21 40 52 86 5 52 28 37 82 89 96 29 64 27 42 61 21 37 89 22 82 50 48 18 67 72 27 39 53 59 35 50 13 21 75 37 93 37 14 42 62 78 48 1 10 93 17 92 33 13 71 9 59 33 70 55 36 32 12 28 18 73 55 14 98 73 16 41 13 25 34 9 94 62 22 73 57 40 71 71 73 99 81 32 49 56 14 2 80 67 9 0 23 60 43 6 
Worst case input: 64 69 74 79 84 89 94 99 104 109 114 119 124 129 134 139 144 149 154 159 164 169 174 179 184 189 194 199 204 209 214 219 224 229 234 239 244 249 254 259 264 269 274 279 284 289 294 299 304 309 314 319 324 329 334 339 344 349 354 359 364 369 374 379 384 389 394 399 404 409 414 419 424 429 434 439 444 449 454 459 464 469 474 479 484 489 494 499 504 509 514 519 524 529 534 539 544 549 554 559 
