Iteration - 1
Best case input: 
1 9 18 22 23 30 38 38 46 51 
Average case inputs: 
64 48 25 62 79 62 81 27 6 9 
Worst case inputs: 
74 69 64 59 54 49 44 39 34 29 
Iteration - 2
Best case input: 
4 10 16 24 31 36 42 50 55 61 62 67 68 69 77 77 81 89 90 99 
Average case inputs: 
54 97 94 81 60 45 86 58 17 10 34 9 57 85 10 64 93 64 79 62 
Worst case inputs: 
52 47 42 37 32 27 22 17 12 7 2 -3 -8 -13 -18 -23 -28 -33 -38 -43 
Iteration - 3
Best case input: 
0 0 8 15 17 22 25 34 42 47 50 53 58 65 70 79 85 94 103 103 109 114 121 124 124 124 132 139 147 154 
Average case inputs: 
38 10 63 49 62 65 12 95 41 13 31 12 36 62 99 64 14 7 40 38 7 9 4 5 49 82 4 77 44 1 
Worst case inputs: 
11 6 1 -4 -9 -14 -19 -24 -29 -34 -39 -44 -49 -54 -59 -64 -69 -74 -79 -84 -89 -94 -99 -104 -109 -114 -119 -124 -129 -134 
Iteration - 4
Best case input: 
9 15 22 27 30 33 34 37 44 51 57 59 64 68 72 79 84 91 95 98 101 107 113 121 122 126 129 137 141 150 154 154 160 160 169 170 175 182 190 199 
Average case inputs: 
89 25 73 78 89 99 50 17 53 65 21 98 28 60 37 1 55 50 71 27 22 1 18 33 65 92 49 75 6 27 2 65 94 36 5 74 9 65 80 16 
Worst case inputs: 
61 56 51 46 41 36 31 26 21 16 11 6 1 -4 -9 -14 -19 -24 -29 -34 -39 -44 -49 -54 -59 -64 -69 -74 -79 -84 -89 -94 -99 -104 -109 -114 -119 -124 -129 -134 
Iteration - 5
Best case input: 
2 8 15 21 28 34 39 41 43 43 44 49 52 55 57 63 68 77 86 95 97 104 107 108 108 110 118 119 125 125 130 134 140 149 154 161 166 169 171 171 174 178 179 185 191 196 204 210 215 218 
Average case inputs: 
6 45 34 66 41 61 96 90 20 9 54 71 86 47 18 11 36 60 20 35 11 58 95 53 34 9 40 61 25 30 82 24 74 71 97 65 38 51 45 64 57 5 49 34 25 74 9 18 44 76 
Worst case inputs: 
83 78 73 68 63 58 53 48 43 38 33 28 23 18 13 8 3 -2 -7 -12 -17 -22 -27 -32 -37 -42 -47 -52 -57 -62 -67 -72 -77 -82 -87 -92 -97 -102 -107 -112 -117 -122 -127 -132 -137 -142 -147 -152 -157 -162 
Iteration - 6
Best case input: 
7 14 14 19 22 22 29 35 42 45 46 55 55 60 68 77 84 87 87 90 99 108 111 116 121 122 124 131 133 139 141 148 153 155 164 164 169 174 176 178 180 188 188 195 196 200 202 209 215 217 220 226 233 235 235 237 242 242 242 243 
Average case inputs: 
61 24 85 29 70 32 92 66 83 10 23 81 39 39 42 36 95 26 50 37 97 69 18 47 57 17 92 92 84 28 83 18 25 56 82 15 52 25 58 21 29 63 81 34 96 93 16 77 74 49 7 61 96 9 66 49 51 53 42 0 
Worst case inputs: 
16 11 6 1 -4 -9 -14 -19 -24 -29 -34 -39 -44 -49 -54 -59 -64 -69 -74 -79 -84 -89 -94 -99 -104 -109 -114 -119 -124 -129 -134 -139 -144 -149 -154 -159 -164 -169 -174 -179 -184 -189 -194 -199 -204 -209 -214 -219 -224 -229 -234 -239 -244 -249 -254 -259 -264 -269 -274 -279 
Iteration - 7
Best case input: 
9 12 20 20 25 31 35 38 47 49 49 57 63 67 74 75 77 79 82 83 90 90 90 99 99 102 111 112 112 116 117 124 126 132 136 138 139 144 144 151 154 163 171 179 185 186 187 195 195 204 210 219 227 229 234 242 250 251 257 262 269 271 280 289 297 301 309 309 315 323 
Average case inputs: 
51 68 28 66 72 7 84 66 7 23 61 95 70 58 36 32 76 53 11 63 48 65 35 23 15 14 11 87 23 40 81 2 19 74 12 99 5 13 33 38 9 24 2 72 44 61 58 19 85 77 62 38 35 15 95 92 76 30 5 46 92 88 7 54 73 1 65 5 77 29 
Worst case inputs: 
31 26 21 16 11 6 1 -4 -9 -14 -19 -24 -29 -34 -39 -44 -49 -54 -59 -64 -69 -74 -79 -84 -89 -94 -99 -104 -109 -114 -119 -124 -129 -134 -139 -144 -149 -154 -159 -164 -169 -174 -179 -184 -189 -194 -199 -204 -209 -214 -219 -224 -229 -234 -239 -244 -249 -254 -259 -264 -269 -274 -279 -284 -289 -294 -299 -304 -309 -314 
Iteration - 8
Best case input: 
3 7 8 12 17 22 24 27 36 43 44 48 56 60 69 76 81 81 87 95 100 105 105 113 120 125 129 136 137 143 150 156 156 161 170 175 180 186 195 204 207 215 222 225 226 230 233 237 239 241 247 254 259 264 272 280 280 285 286 295 299 302 305 313 319 321 329 330 334 334 338 338 338 346 354 359 365 371 377 385 
Average case inputs: 
32 42 65 52 80 13 20 87 94 4 26 72 17 9 22 71 4 53 54 36 48 29 13 39 89 11 94 60 67 30 4 37 51 61 86 9 66 55 20 41 73 79 21 16 89 58 2 84 41 57 71 7 10 9 61 0 7 92 3 79 65 42 85 58 4 56 97 89 58 84 0 70 36 52 26 53 27 99 33 91 
Worst case inputs: 
12 7 2 -3 -8 -13 -18 -23 -28 -33 -38 -43 -48 -53 -58 -63 -68 -73 -78 -83 -88 -93 -98 -103 -108 -113 -118 -123 -128 -133 -138 -143 -148 -153 -158 -163 -168 -173 -178 -183 -188 -193 -198 -203 -208 -213 -218 -223 -228 -233 -238 -243 -248 -253 -258 -263 -268 -273 -278 -283 -288 -293 -298 -303 -308 -313 -318 -323 -328 -333 -338 -343 -348 -353 -358 -363 -368 -373 -378 -383 
Iteration - 9
Best case input: 
3 12 14 20 27 29 34 35 35 36 41 42 50 53 62 68 71 77 86 87 96 104 106 115 123 130 135 144 147 148 152 156 156 164 167 170 178 179 180 184 191 191 195 197 203 211 219 219 224 230 233 242 250 259 264 269 275 277 282 284 286 292 299 304 305 313 316 322 323 324 332 335 339 342 344 345 345 345 349 352 357 361 364 368 376 379 382 382 386 392 
Average case inputs: 
64 10 81 77 11 54 16 49 5 54 16 58 26 51 72 10 81 69 24 83 41 42 7 98 88 1 49 18 72 6 69 86 5 11 75 39 34 16 29 50 59 78 3 5 14 92 97 36 60 79 56 62 15 0 71 61 42 20 56 66 93 15 13 40 69 32 48 12 54 88 27 73 43 33 44 57 13 33 16 4 41 51 28 67 59 49 92 59 39 2 
Worst case inputs: 
64 59 54 49 44 39 34 29 24 19 14 9 4 -1 -6 -11 -16 -21 -26 -31 -36 -41 -46 -51 -56 -61 -66 -71 -76 -81 -86 -91 -96 -101 -106 -111 -116 -121 -126 -131 -136 -141 -146 -151 -156 -161 -166 -171 -176 -181 -186 -191 -196 -201 -206 -211 -216 -221 -226 -231 -236 -241 -246 -251 -256 -261 -266 -271 -276 -281 -286 -291 -296 -301 -306 -311 -316 -321 -326 -331 -336 -341 -346 -351 -356 -361 -366 -371 -376 -381 
Iteration - 10
Best case input: 
3 8 8 15 18 23 25 26 29 31 36 41 49 55 55 58 67 72 81 90 94 94 98 99 99 106 112 115 115 124 128 131 131 133 142 146 147 147 155 162 164 169 177 186 195 199 202 202 202 210 219 228 236 242 251 255 262 266 266 267 271 274 281 287 291 293 295 303 307 308 313 321 322 329 331 339 341 350 359 363 363 369 369 372 372 377 378 384 384 390 396 403 404 406 414 419 424 432 439 443 
Average case inputs: 
62 21 19 46 72 84 71 93 85 9 30 42 40 59 51 39 88 30 69 77 75 5 45 23 45 50 34 81 22 22 73 44 5 18 40 32 3 97 0 60 64 43 23 77 12 78 59 90 28 55 48 61 54 50 70 77 50 69 78 11 75 74 94 23 58 52 68 57 16 80 36 36 42 1 28 41 40 36 0 18 42 32 13 61 43 97 6 48 63 99 70 3 76 29 48 24 15 23 88 17 
Worst case inputs: 
43 38 33 28 23 18 13 8 3 -2 -7 -12 -17 -22 -27 -32 -37 -42 -47 -52 -57 -62 -67 -72 -77 -82 -87 -92 -97 -102 -107 -112 -117 -122 -127 -132 -137 -142 -147 -152 -157 -162 -167 -172 -177 -182 -187 -192 -197 -202 -207 -212 -217 -222 -227 -232 -237 -242 -247 -252 -257 -262 -267 -272 -277 -282 -287 -292 -297 -302 -307 -312 -317 -322 -327 -332 -337 -342 -347 -352 -357 -362 -367 -372 -377 -382 -387 -392 -397 -402 -407 -412 -417 -422 -427 -432 -437 -442 -447 -452 
