Iteration-1
2 12 22 32 42 52 62 72 82 92 
Best case sorted order=2 12 22 32 42 52 62 72 82 92 
17 44 73 81 65 71 26 59 54 76 
Average case sorted order=17 26 44 54 59 65 71 73 76 81 
39 79 53 48 61 41 80 56 48 70 
Worst case sorted order=39 41 48 48 53 56 61 70 79 80 
Iteration-2
8 18 28 38 48 58 68 78 88 98 108 118 128 138 148 158 168 178 188 198 
Best case sorted order=8 18 28 38 48 58 68 78 88 98 108 118 128 138 148 158 168 178 188 198 
69 44 27 75 43 71 22 61 22 61 59 12 61 72 82 73 32 87 76 52 
Average case sorted order=12 22 22 27 32 43 44 52 59 61 61 61 69 71 72 73 75 76 82 87 
7 92 47 25 73 16 104 58 31 89 9 95 49 27 81 22 107 64 38 90 
Worst case sorted order=7 9 16 22 25 27 31 38 47 49 58 64 73 81 89 90 92 95 104 107 
Iteration-3
8 18 28 38 48 58 68 78 88 98 108 118 128 138 148 158 168 178 188 198 208 218 228 238 248 258 268 278 288 298 
Best case sorted order=8 18 28 38 48 58 68 78 88 98 108 118 128 138 148 158 168 178 188 198 208 218 228 238 248 258 268 278 288 298 
74 84 87 10 45 23 46 92 68 74 4 67 29 74 23 81 75 75 81 22 58 82 7 49 96 86 29 58 40 5 
Average case sorted order=4 5 7 10 22 23 23 29 29 40 45 46 49 58 58 67 68 74 74 74 75 75 81 81 82 84 86 87 92 96 
24 101 56 130 35 118 78 152 27 110 69 138 40 124 88 24 106 65 132 38 124 83 161 35 113 72 146 49 129 96 
Worst case sorted order=24 24 27 35 35 38 40 49 56 65 69 72 78 83 88 96 101 106 110 113 118 124 124 129 130 132 138 146 152 161 
Iteration-4
0 10 20 30 40 50 60 70 80 90 100 110 120 130 140 150 160 170 180 190 200 210 220 230 240 250 260 270 280 290 300 310 320 330 340 350 360 370 380 390 
Best case sorted order=0 10 20 30 40 50 60 70 80 90 100 110 120 130 140 150 160 170 180 190 200 210 220 230 240 250 260 270 280 290 300 310 320 330 340 350 360 370 380 390 
95 5 22 41 26 53 92 69 90 69 90 5 84 67 15 78 63 87 67 87 38 93 41 46 99 13 20 3 34 92 33 72 50 65 90 36 39 41 53 54 
Average case sorted order=3 5 5 13 15 20 22 26 33 34 36 38 39 41 41 41 46 50 53 53 54 63 65 67 67 69 69 72 78 84 87 87 90 90 90 92 92 93 95 99 
29 134 89 62 106 42 150 100 75 120 37 142 97 65 115 57 163 102 82 129 31 137 91 62 113 48 157 102 77 127 40 149 99 72 115 61 164 105 84 130 
Worst case sorted order=29 31 37 40 42 48 57 61 62 62 65 72 75 77 82 84 89 91 97 99 100 102 102 105 106 113 115 115 120 127 129 130 134 137 142 149 150 157 163 164 
Iteration-5
5 15 25 35 45 55 65 75 85 95 105 115 125 135 145 155 165 175 185 195 205 215 225 235 245 255 265 275 285 295 305 315 325 335 345 355 365 375 385 395 405 415 425 435 445 455 465 475 485 495 
Best case sorted order=5 15 25 35 45 55 65 75 85 95 105 115 125 135 145 155 165 175 185 195 205 215 225 235 245 255 265 275 285 295 305 315 325 335 345 355 365 375 385 395 405 415 425 435 445 455 465 475 485 495 
80 61 81 51 47 28 17 31 20 80 13 1 17 72 95 82 44 52 62 57 17 30 66 94 69 16 53 70 87 49 12 8 9 77 32 61 83 15 93 92 16 42 50 63 77 73 6 26 70 66 
Average case sorted order=1 6 8 9 12 13 15 16 16 17 17 17 20 26 28 30 31 32 42 44 47 49 50 51 52 53 57 61 61 62 63 66 66 69 70 70 72 73 77 77 80 80 81 82 83 87 92 93 94 95 
86 206 144 295 123 240 169 100 219 151 137 271 189 95 215 146 133 256 172 108 230 161 143 284 198 88 207 146 299 126 249 169 104 224 159 143 278 197 99 215 146 137 262 181 115 238 169 143 288 200 
Worst case sorted order=86 88 95 99 100 104 108 115 123 126 133 137 137 143 143 143 144 146 146 146 151 159 161 169 169 169 172 181 189 197 198 200 206 207 215 215 219 224 230 238 240 249 256 262 271 278 284 288 295 299 
Iteration-6
8 18 28 38 48 58 68 78 88 98 108 118 128 138 148 158 168 178 188 198 208 218 228 238 248 258 268 278 288 298 308 318 328 338 348 358 368 378 388 398 408 418 428 438 448 458 468 478 488 498 508 518 528 538 548 558 568 578 588 598 
Best case sorted order=8 18 28 38 48 58 68 78 88 98 108 118 128 138 148 158 168 178 188 198 208 218 228 238 248 258 268 278 288 298 308 318 328 338 348 358 368 378 388 398 408 418 428 438 448 458 468 478 488 498 508 518 528 538 548 558 568 578 588 598 
64 85 0 7 10 63 41 19 43 50 23 36 9 72 51 43 55 98 10 8 43 39 8 83 93 49 34 17 50 5 24 55 12 73 88 90 64 15 45 90 67 95 88 88 49 9 3 29 59 40 27 29 84 98 87 4 31 58 1 24 
Average case sorted order=0 1 3 4 5 7 8 8 9 9 10 10 12 15 17 19 23 24 24 27 29 29 31 34 36 39 40 41 43 43 43 45 49 49 50 50 51 55 55 58 59 63 64 64 67 72 73 83 84 85 87 88 88 88 90 90 93 95 98 98 
83 239 158 306 127 281 197 341 103 266 177 323 146 292 220 96 252 168 312 132 285 209 352 112 270 190 329 153 294 232 87 248 162 309 132 284 206 349 111 266 185 329 147 294 225 97 258 171 319 139 285 218 355 121 273 196 336 154 298 232 
Worst case sorted order=83 87 96 97 103 111 112 121 127 132 132 139 146 147 153 154 158 162 168 171 177 185 190 196 197 206 209 218 220 225 232 232 239 248 252 258 266 266 270 273 281 284 285 285 292 294 294 298 306 309 312 319 323 329 329 336 341 349 352 355 
Iteration-7
8 18 28 38 48 58 68 78 88 98 108 118 128 138 148 158 168 178 188 198 208 218 228 238 248 258 268 278 288 298 308 318 328 338 348 358 368 378 388 398 408 418 428 438 448 458 468 478 488 498 508 518 528 538 548 558 568 578 588 598 608 618 628 638 648 658 668 678 688 698 
Best case sorted order=8 18 28 38 48 58 68 78 88 98 108 118 128 138 148 158 168 178 188 198 208 218 228 238 248 258 268 278 288 298 308 318 328 338 348 358 368 378 388 398 408 418 428 438 448 458 468 478 488 498 508 518 528 538 548 558 568 578 588 598 608 618 628 638 648 658 668 678 688 698 
57 43 44 94 90 45 86 84 15 16 96 46 94 97 88 87 68 64 48 27 88 63 95 41 69 45 5 68 18 12 61 83 16 66 32 28 1 54 59 44 6 6 61 97 42 59 84 35 4 27 85 39 53 74 34 81 91 20 91 69 65 26 63 93 52 39 48 13 65 57 
Average case sorted order=1 4 5 6 6 12 13 15 16 16 18 20 26 27 27 28 32 34 35 39 39 41 42 43 44 44 45 45 46 48 48 52 53 54 57 57 59 59 61 61 63 63 64 65 65 66 68 68 69 69 74 81 83 84 84 85 86 87 88 88 90 91 91 93 94 94 95 96 97 97 
1 278 132 60 201 28 159 95 242 12 301 153 76 217 39 181 113 262 3 285 138 67 211 38 169 101 251 24 155 80 228 50 191 119 270 2 283 138 65 206 31 163 98 243 21 309 155 79 225 41 188 113 264 5 292 147 71 211 39 175 106 254 28 158 86 234 53 198 123 276 
Worst case sorted order=1 2 3 5 12 21 24 28 28 31 38 39 39 41 50 53 60 65 67 71 76 79 80 86 95 98 101 106 113 113 119 123 132 138 138 147 153 155 155 158 159 163 169 175 181 188 191 198 201 206 211 211 217 225 228 234 242 243 251 254 262 264 270 276 278 283 285 292 301 309 
Iteration-8
9 19 29 39 49 59 69 79 89 99 109 119 129 139 149 159 169 179 189 199 209 219 229 239 249 259 269 279 289 299 309 319 329 339 349 359 369 379 389 399 409 419 429 439 449 459 469 479 489 499 509 519 529 539 549 559 569 579 589 599 609 619 629 639 649 659 669 679 689 699 709 719 729 739 749 759 769 779 789 799 
Best case sorted order=9 19 29 39 49 59 69 79 89 99 109 119 129 139 149 159 169 179 189 199 209 219 229 239 249 259 269 279 289 299 309 319 329 339 349 359 369 379 389 399 409 419 429 439 449 459 469 479 489 499 509 519 529 539 549 559 569 579 589 599 609 619 629 639 649 659 669 679 689 699 709 719 729 739 749 759 769 779 789 799 
89 81 60 86 29 69 6 93 21 48 0 14 22 94 34 15 9 23 18 33 79 20 75 62 33 81 97 1 38 45 11 34 53 71 97 90 99 0 70 81 30 84 37 71 59 97 4 24 93 66 25 64 26 77 16 85 46 32 28 54 41 72 25 32 98 42 63 35 62 41 29 35 29 49 52 43 27 34 17 74 
Average case sorted order=0 0 1 4 6 9 11 14 15 16 17 18 20 21 22 23 24 25 25 26 27 28 29 29 29 30 32 32 33 33 34 34 34 35 35 37 38 41 41 42 43 45 46 48 49 52 53 54 59 60 62 62 63 64 66 69 70 71 71 72 74 75 77 79 81 81 81 84 85 86 89 90 93 93 94 97 97 97 98 99 
9 327 169 82 242 41 374 216 135 286 28 348 196 106 270 61 388 232 154 306 13 339 182 96 254 49 378 220 151 298 37 366 209 121 280 66 394 234 160 317 11 331 173 90 248 43 375 217 142 292 34 357 201 115 279 62 392 233 157 314 19 339 187 102 262 56 380 228 151 305 40 366 210 126 282 74 400 236 163 323 
Worst case sorted order=9 11 13 19 28 34 37 40 41 43 49 56 61 62 66 74 82 90 96 102 106 115 121 126 135 142 151 151 154 157 160 163 169 173 182 187 196 201 209 210 216 217 220 228 232 233 234 236 242 248 254 262 270 279 280 282 286 292 298 305 306 314 317 323 327 331 339 339 348 357 366 366 374 375 378 380 388 392 394 400 
Iteration-9
7 17 27 37 47 57 67 77 87 97 107 117 127 137 147 157 167 177 187 197 207 217 227 237 247 257 267 277 287 297 307 317 327 337 347 357 367 377 387 397 407 417 427 437 447 457 467 477 487 497 507 517 527 537 547 557 567 577 587 597 607 617 627 637 647 657 667 677 687 697 707 717 727 737 747 757 767 777 787 797 807 817 827 837 847 857 867 877 887 897 
Best case sorted order=7 17 27 37 47 57 67 77 87 97 107 117 127 137 147 157 167 177 187 197 207 217 227 237 247 257 267 277 287 297 307 317 327 337 347 357 367 377 387 397 407 417 427 437 447 457 467 477 487 497 507 517 527 537 547 557 567 577 587 597 607 617 627 637 647 657 667 677 687 697 707 717 727 737 747 757 767 777 787 797 807 817 827 837 847 857 867 877 887 897 
19 75 85 72 23 54 55 63 68 29 60 94 29 19 21 66 51 49 57 62 39 40 51 44 72 71 77 32 15 57 0 88 75 57 13 25 6 86 4 16 29 13 15 45 23 49 85 28 50 49 32 13 85 88 76 26 41 49 60 1 44 72 30 64 46 29 58 99 72 87 15 25 51 32 13 75 71 23 86 99 19 70 8 25 6 89 54 18 18 86 
Average case sorted order=0 1 4 6 6 8 13 13 13 13 15 15 15 16 18 18 19 19 19 21 23 23 23 25 25 25 26 28 29 29 29 29 30 32 32 32 39 40 41 44 44 45 46 49 49 49 49 50 51 51 51 54 54 55 57 57 57 58 60 60 62 63 64 66 68 70 71 71 72 72 72 72 75 75 75 76 77 85 85 85 86 86 86 87 88 88 89 94 99 99 
91 361 218 155 439 290 122 393 250 187 498 329 110 373 237 165 466 317 133 416 274 207 343 100 367 227 164 453 306 124 405 260 198 334 118 380 249 174 482 322 143 432 279 211 349 100 361 227 162 448 298 122 400 251 192 506 332 112 373 240 166 474 322 136 423 277 210 346 107 368 229 165 462 309 130 414 268 206 340 121 389 249 180 491 329 151 437 288 214 357 
Worst case sorted order=91 100 100 107 110 112 118 121 122 122 124 130 133 136 143 151 155 162 164 165 165 166 174 180 187 192 198 206 207 210 211 214 218 227 227 229 237 240 249 249 250 251 260 268 274 277 279 288 290 298 306 309 317 322 322 329 329 332 334 340 343 346 349 357 361 361 367 368 373 373 380 389 393 400 405 414 416 423 432 437 439 448 453 462 466 474 482 491 498 506 
Iteration-10
1 11 21 31 41 51 61 71 81 91 101 111 121 131 141 151 161 171 181 191 201 211 221 231 241 251 261 271 281 291 301 311 321 331 341 351 361 371 381 391 401 411 421 431 441 451 461 471 481 491 501 511 521 531 541 551 561 571 581 591 601 611 621 631 641 651 661 671 681 691 701 711 721 731 741 751 761 771 781 791 801 811 821 831 841 851 861 871 881 891 901 911 921 931 941 951 961 971 981 991 
Best case sorted order=1 11 21 31 41 51 61 71 81 91 101 111 121 131 141 151 161 171 181 191 201 211 221 231 241 251 261 271 281 291 301 311 321 331 341 351 361 371 381 391 401 411 421 431 441 451 461 471 481 491 501 511 521 531 541 551 561 571 581 591 601 611 621 631 641 651 661 671 681 691 701 711 721 731 741 751 761 771 781 791 801 811 821 831 841 851 861 871 881 891 901 911 921 931 941 951 961 971 981 991 
33 77 79 87 17 3 7 73 72 18 16 50 80 48 62 71 29 44 11 22 50 61 60 74 51 82 37 7 52 76 43 63 75 63 70 45 18 45 87 29 12 3 11 44 17 77 56 98 88 56 60 1 68 50 12 72 22 85 95 92 2 4 87 69 42 47 67 44 39 77 82 95 75 19 46 17 35 98 96 84 10 69 68 81 85 0 96 47 8 81 70 47 29 85 57 10 72 16 35 23 
Average case sorted order=0 1 2 3 3 4 7 7 8 10 10 11 11 12 12 16 16 17 17 17 18 18 19 22 22 23 29 29 29 33 35 35 37 39 42 43 44 44 44 45 45 46 47 47 47 48 50 50 50 51 52 56 56 57 60 60 61 62 63 63 67 68 68 69 69 70 70 71 72 72 72 73 74 75 75 76 77 77 77 79 80 81 81 82 82 84 85 85 85 87 87 87 88 92 95 95 96 96 98 98 
47 352 187 506 129 437 266 84 397 222 161 467 304 62 371 200 147 452 280 100 411 243 177 493 331 54 360 190 518 136 447 275 91 405 231 168 479 318 75 385 213 150 456 295 117 424 259 178 501 344 48 360 190 509 131 439 269 85 403 222 168 471 313 67 376 205 147 454 289 109 420 251 177 493 340 54 364 194 527 140 452 277 93 406 236 168 484 326 76 393 217 154 462 295 120 430 266 178 506 345 
Worst case sorted order=47 48 54 54 62 67 75 76 84 85 91 93 100 109 117 120 129 131 136 140 147 147 150 154 161 168 168 168 177 177 178 178 187 190 190 194 200 205 213 217 222 222 231 236 243 251 259 266 266 269 275 277 280 289 295 295 304 313 318 326 331 340 344 345 352 360 360 364 371 376 385 393 397 403 405 406 411 420 424 430 437 439 447 452 452 454 456 462 467 471 479 484 493 493 501 506 506 509 518 527 
