Iteration- 1
Best case inputs: 10 10 10 10 10 10 10 10 10 10 
Sorted array is: 10 10 10 10 10 10 10 10 10 10 
Average case inputs: 56 95 36 83 71 1 79 98 73 83 
Sorted array is: 1 36 56 71 73 79 83 83 95 98 
Worst case inputs: 8 85 138 157 212 231 257 312 359 437 
Sorted array is: 8 85 138 157 212 231 257 312 359 437 
Iteration- 2
Best case inputs: 10 10 10 10 10 10 10 10 10 10 10 10 10 10 10 10 10 10 10 10 
Sorted array is: 10 10 10 10 10 10 10 10 10 10 10 10 10 10 10 10 10 10 10 10 
Average case inputs: 94 32 62 75 66 41 47 6 28 67 92 73 32 72 53 34 31 22 0 60 
Sorted array is: 0 6 22 28 31 32 32 34 41 47 53 60 62 66 67 72 73 75 92 94 
Worst case inputs: 4 30 57 96 185 221 292 321 344 425 455 546 566 632 636 688 692 718 803 857 
Sorted array is: 4 30 57 96 185 221 292 321 344 425 455 546 566 632 636 688 692 718 803 857 
Iteration- 3
Best case inputs: 10 10 10 10 10 10 10 10 10 10 10 10 10 10 10 10 10 10 10 10 10 10 10 10 10 10 10 10 10 10 
Sorted array is: 10 10 10 10 10 10 10 10 10 10 10 10 10 10 10 10 10 10 10 10 10 10 10 10 10 10 10 10 10 10 
Average case inputs: 8 87 2 54 74 5 12 34 42 24 17 46 62 19 58 48 86 12 65 7 69 26 28 85 2 52 93 15 2 4 
Sorted array is: 2 2 2 4 5 7 8 12 12 15 17 19 24 26 28 34 42 46 48 52 54 58 62 65 69 74 85 86 87 93 
Worst case inputs: 1 39 79 144 165 225 255 332 418 479 515 584 656 682 685 749 826 847 927 1017 1080 1146 1234 1272 1291 1337 1407 1482 1483 1489 
Sorted array is: 1 39 79 144 165 225 255 332 418 479 515 584 656 682 685 749 826 847 927 1017 1080 1146 1234 1272 1291 1337 1407 1482 1483 1489 
Iteration- 4
Best case inputs: 10 10 10 10 10 10 10 10 10 10 10 10 10 10 10 10 10 10 10 10 10 10 10 10 10 10 10 10 10 10 10 10 10 10 10 10 10 10 10 10 
Sorted array is: 10 10 10 10 10 10 10 10 10 10 10 10 10 10 10 10 10 10 10 10 10 10 10 10 10 10 10 10 10 10 10 10 10 10 10 10 10 10 10 10 
Average case inputs: 95 28 73 2 17 85 25 18 3 68 29 9 52 95 3 9 6 95 12 62 50 26 27 18 65 94 33 44 4 30 32 3 75 9 84 78 70 39 90 30 
Sorted array is: 2 3 3 3 4 6 9 9 9 12 17 18 18 25 26 27 28 29 30 30 32 33 39 44 50 52 62 65 68 70 73 75 78 84 85 90 94 95 95 95 
Worst case inputs: 2 52 63 122 125 215 227 301 363 435 511 573 589 610 689 703 774 839 887 958 1011 1101 1191 1210 1237 1292 1350 1399 1407 1443 1531 1625 1695 1754 1804 1882 1958 2038 2111 2150 
Sorted array is: 2 52 63 122 125 215 227 301 363 435 511 573 589 610 689 703 774 839 887 958 1011 1101 1191 1210 1237 1292 1350 1399 1407 1443 1531 1625 1695 1754 1804 1882 1958 2038 2111 2150 
Iteration- 5
Best case inputs: 10 10 10 10 10 10 10 10 10 10 10 10 10 10 10 10 10 10 10 10 10 10 10 10 10 10 10 10 10 10 10 10 10 10 10 10 10 10 10 10 10 10 10 10 10 10 10 10 10 10 
Sorted array is: 10 10 10 10 10 10 10 10 10 10 10 10 10 10 10 10 10 10 10 10 10 10 10 10 10 10 10 10 10 10 10 10 10 10 10 10 10 10 10 10 10 10 10 10 10 10 10 10 10 10 
Average case inputs: 81 82 27 99 71 50 45 76 7 15 90 41 77 74 79 38 59 2 48 52 43 91 95 18 92 28 16 24 0 75 85 86 35 9 42 35 51 73 80 26 93 9 1 16 71 46 99 12 34 79 
Sorted array is: 0 1 2 7 9 9 12 15 16 16 18 24 26 27 28 34 35 35 38 41 42 43 45 46 48 50 51 52 59 71 71 73 74 75 76 77 79 79 80 81 82 85 86 90 91 92 93 95 99 99 
Worst case inputs: 5 85 147 180 227 271 359 404 496 531 573 667 751 755 804 833 879 902 929 952 955 1012 1052 1118 1193 1275 1351 1397 1484 1516 1593 1674 1767 1806 1867 1903 1988 2071 2151 2215 2256 2329 2376 2442 2443 2528 2535 2586 2631 2694 
Sorted array is: 5 85 147 180 227 271 359 404 496 531 573 667 751 755 804 833 879 902 929 952 955 1012 1052 1118 1193 1275 1351 1397 1484 1516 1593 1674 1767 1806 1867 1903 1988 2071 2151 2215 2256 2329 2376 2442 2443 2528 2535 2586 2631 2694 
Iteration- 6
Best case inputs: 10 10 10 10 10 10 10 10 10 10 10 10 10 10 10 10 10 10 10 10 10 10 10 10 10 10 10 10 10 10 10 10 10 10 10 10 10 10 10 10 10 10 10 10 10 10 10 10 10 10 10 10 10 10 10 10 10 10 10 10 
Sorted array is: 10 10 10 10 10 10 10 10 10 10 10 10 10 10 10 10 10 10 10 10 10 10 10 10 10 10 10 10 10 10 10 10 10 10 10 10 10 10 10 10 10 10 10 10 10 10 10 10 10 10 10 10 10 10 10 10 10 10 10 10 
Average case inputs: 84 11 40 33 85 70 83 73 71 27 5 92 32 24 96 93 9 18 11 14 19 35 81 52 31 34 38 57 52 74 65 47 78 29 74 86 87 1 49 50 9 56 54 86 2 93 10 60 82 43 27 90 75 97 75 72 17 18 26 84 
Sorted array is: 1 2 5 9 9 10 11 11 14 17 18 18 19 24 26 27 27 29 31 32 33 34 35 38 40 43 47 49 50 52 52 54 56 57 60 65 70 71 72 73 74 74 75 75 78 81 82 83 84 84 85 86 86 87 90 92 93 93 96 97 
Worst case inputs: 9 35 44 94 130 143 168 220 251 283 360 380 465 470 501 548 563 657 722 764 859 909 944 1043 1120 1211 1214 1301 1371 1421 1514 1547 1632 1695 1759 1760 1790 1866 1875 1945 2002 2100 2187 2236 2304 2403 2502 2581 2637 2639 2647 2708 2717 2743 2812 2877 2889 2969 2994 3029 
Sorted array is: 9 35 44 94 130 143 168 220 251 283 360 380 465 470 501 548 563 657 722 764 859 909 944 1043 1120 1211 1214 1301 1371 1421 1514 1547 1632 1695 1759 1760 1790 1866 1875 1945 2002 2100 2187 2236 2304 2403 2502 2581 2637 2639 2647 2708 2717 2743 2812 2877 2889 2969 2994 3029 
Iteration- 7
Best case inputs: 10 10 10 10 10 10 10 10 10 10 10 10 10 10 10 10 10 10 10 10 10 10 10 10 10 10 10 10 10 10 10 10 10 10 10 10 10 10 10 10 10 10 10 10 10 10 10 10 10 10 10 10 10 10 10 10 10 10 10 10 10 10 10 10 10 10 10 10 10 10 
Sorted array is: 10 10 10 10 10 10 10 10 10 10 10 10 10 10 10 10 10 10 10 10 10 10 10 10 10 10 10 10 10 10 10 10 10 10 10 10 10 10 10 10 10 10 10 10 10 10 10 10 10 10 10 10 10 10 10 10 10 10 10 10 10 10 10 10 10 10 10 10 10 10 
Average case inputs: 61 39 71 41 77 74 0 85 5 77 10 49 64 28 83 19 97 33 21 85 1 46 63 27 20 38 59 47 25 92 85 46 3 72 21 16 92 71 4 0 13 85 77 69 8 13 17 99 26 51 23 43 81 56 42 0 99 23 7 43 47 15 11 30 15 18 1 2 27 60 
Sorted array is: 0 0 0 1 1 2 3 4 5 7 8 10 11 13 13 15 15 16 17 18 19 20 21 21 23 23 25 26 27 27 28 30 33 38 39 41 42 43 43 46 46 47 47 49 51 56 59 60 61 63 64 69 71 71 72 74 77 77 77 81 83 85 85 85 85 92 92 97 99 99 
Worst case inputs: 6 44 89 104 128 170 172 177 266 347 387 397 397 492 545 596 633 731 825 864 940 991 998 1064 1076 1164 1190 1274 1314 1325 1359 1370 1402 1475 1477 1504 1568 1623 1705 1725 1808 1813 1886 1895 1970 2028 2092 2144 2200 2288 2378 2427 2521 2565 2650 2706 2748 2819 2886 2948 3010 3036 3124 3179 3183 3282 3338 3427 3504 3602 
Sorted array is: 6 44 89 104 128 170 172 177 266 347 387 397 397 492 545 596 633 731 825 864 940 991 998 1064 1076 1164 1190 1274 1314 1325 1359 1370 1402 1475 1477 1504 1568 1623 1705 1725 1808 1813 1886 1895 1970 2028 2092 2144 2200 2288 2378 2427 2521 2565 2650 2706 2748 2819 2886 2948 3010 3036 3124 3179 3183 3282 3338 3427 3504 3602 
Iteration- 8
Best case inputs: 10 10 10 10 10 10 10 10 10 10 10 10 10 10 10 10 10 10 10 10 10 10 10 10 10 10 10 10 10 10 10 10 10 10 10 10 10 10 10 10 10 10 10 10 10 10 10 10 10 10 10 10 10 10 10 10 10 10 10 10 10 10 10 10 10 10 10 10 10 10 10 10 10 10 10 10 10 10 10 10 
Sorted array is: 10 10 10 10 10 10 10 10 10 10 10 10 10 10 10 10 10 10 10 10 10 10 10 10 10 10 10 10 10 10 10 10 10 10 10 10 10 10 10 10 10 10 10 10 10 10 10 10 10 10 10 10 10 10 10 10 10 10 10 10 10 10 10 10 10 10 10 10 10 10 10 10 10 10 10 10 10 10 10 10 
Average case inputs: 11 99 64 35 29 92 10 16 87 34 55 57 83 30 57 26 20 26 10 85 84 16 92 68 22 53 8 65 21 22 8 57 38 77 78 50 51 15 92 57 81 37 6 82 4 5 24 72 44 42 5 56 22 27 84 58 59 23 40 7 88 81 31 97 75 22 23 23 28 79 77 72 99 97 65 55 66 70 26 32 
Sorted array is: 4 5 5 6 7 8 8 10 10 11 15 16 16 20 21 22 22 22 22 23 23 23 24 26 26 26 27 28 29 30 31 32 34 35 37 38 40 42 44 50 51 53 55 55 56 57 57 57 57 58 59 64 65 65 66 68 70 72 72 75 77 77 78 79 81 81 82 83 84 84 85 87 88 92 92 92 97 97 99 99 
Worst case inputs: 0 66 163 192 263 313 341 430 478 493 506 583 666 708 800 814 898 925 1002 1008 1028 1091 1112 1198 1251 1326 1394 1486 1534 1608 1692 1776 1806 1864 1872 1908 1971 1992 2038 2094 2186 2259 2280 2363 2374 2460 2558 2634 2694 2705 2775 2818 2908 3000 3044 3112 3186 3216 3252 3312 3387 3454 3545 3594 3601 3601 3637 3698 3731 3816 3872 3966 4022 4022 4063 4115 4194 4202 4290 4376 
Sorted array is: 0 66 163 192 263 313 341 430 478 493 506 583 666 708 800 814 898 925 1002 1008 1028 1091 1112 1198 1251 1326 1394 1486 1534 1608 1692 1776 1806 1864 1872 1908 1971 1992 2038 2094 2186 2259 2280 2363 2374 2460 2558 2634 2694 2705 2775 2818 2908 3000 3044 3112 3186 3216 3252 3312 3387 3454 3545 3594 3601 3601 3637 3698 3731 3816 3872 3966 4022 4022 4063 4115 4194 4202 4290 4376 
Iteration- 9
Best case inputs: 10 10 10 10 10 10 10 10 10 10 10 10 10 10 10 10 10 10 10 10 10 10 10 10 10 10 10 10 10 10 10 10 10 10 10 10 10 10 10 10 10 10 10 10 10 10 10 10 10 10 10 10 10 10 10 10 10 10 10 10 10 10 10 10 10 10 10 10 10 10 10 10 10 10 10 10 10 10 10 10 10 10 10 10 10 10 10 10 10 10 
Sorted array is: 10 10 10 10 10 10 10 10 10 10 10 10 10 10 10 10 10 10 10 10 10 10 10 10 10 10 10 10 10 10 10 10 10 10 10 10 10 10 10 10 10 10 10 10 10 10 10 10 10 10 10 10 10 10 10 10 10 10 10 10 10 10 10 10 10 10 10 10 10 10 10 10 10 10 10 10 10 10 10 10 10 10 10 10 10 10 10 10 10 10 
Average case inputs: 13 58 76 26 82 32 67 80 55 14 35 44 43 55 3 15 66 74 71 75 94 32 13 66 92 96 66 66 8 16 4 49 84 13 89 38 78 66 4 26 75 8 82 89 23 82 8 74 91 87 76 4 66 1 65 49 43 89 38 23 53 26 49 45 32 15 84 13 99 83 76 48 75 51 78 17 59 3 63 53 21 44 34 90 72 69 95 15 41 4 
Sorted array is: 1 3 3 4 4 4 4 8 8 8 13 13 13 13 14 15 15 15 16 17 21 23 23 26 26 26 32 32 32 34 35 38 38 41 43 43 44 44 45 48 49 49 49 51 53 53 55 55 58 59 63 65 66 66 66 66 66 66 67 69 71 72 74 74 75 75 75 76 76 76 78 78 80 82 82 82 83 84 84 87 89 89 89 90 91 92 94 95 96 99 
Worst case inputs: 7 50 97 132 227 245 291 319 335 372 380 401 433 453 535 618 655 663 703 789 807 825 913 989 1000 1098 1110 1208 1297 1305 1320 1408 1507 1575 1604 1686 1696 1748 1781 1866 1893 1911 1953 1980 1998 2021 2074 2107 2164 2196 2218 2265 2359 2362 2411 2450 2504 2516 2611 2666 2724 2735 2780 2801 2885 2974 3054 3110 3140 3239 3269 3341 3345 3395 3475 3500 3551 3624 3720 3816 3901 3972 4012 4087 4131 4176 4224 4282 4341 4408 
Sorted array is: 7 50 97 132 227 245 291 319 335 372 380 401 433 453 535 618 655 663 703 789 807 825 913 989 1000 1098 1110 1208 1297 1305 1320 1408 1507 1575 1604 1686 1696 1748 1781 1866 1893 1911 1953 1980 1998 2021 2074 2107 2164 2196 2218 2265 2359 2362 2411 2450 2504 2516 2611 2666 2724 2735 2780 2801 2885 2974 3054 3110 3140 3239 3269 3341 3345 3395 3475 3500 3551 3624 3720 3816 3901 3972 4012 4087 4131 4176 4224 4282 4341 4408 
Iteration- 10
Best case inputs: 10 10 10 10 10 10 10 10 10 10 10 10 10 10 10 10 10 10 10 10 10 10 10 10 10 10 10 10 10 10 10 10 10 10 10 10 10 10 10 10 10 10 10 10 10 10 10 10 10 10 10 10 10 10 10 10 10 10 10 10 10 10 10 10 10 10 10 10 10 10 10 10 10 10 10 10 10 10 10 10 10 10 10 10 10 10 10 10 10 10 10 10 10 10 10 10 10 10 10 10 
Sorted array is: 10 10 10 10 10 10 10 10 10 10 10 10 10 10 10 10 10 10 10 10 10 10 10 10 10 10 10 10 10 10 10 10 10 10 10 10 10 10 10 10 10 10 10 10 10 10 10 10 10 10 10 10 10 10 10 10 10 10 10 10 10 10 10 10 10 10 10 10 10 10 10 10 10 10 10 10 10 10 10 10 10 10 10 10 10 10 10 10 10 10 10 10 10 10 10 10 10 10 10 10 
Average case inputs: 69 57 86 74 70 11 5 85 20 84 23 14 92 44 83 80 72 56 44 22 46 92 81 35 35 41 82 83 88 79 70 89 53 63 49 83 87 27 81 89 76 42 89 90 36 78 52 7 10 99 8 26 96 70 56 78 87 89 94 31 98 81 83 20 80 45 60 63 84 97 82 53 49 82 92 23 2 84 79 84 27 82 54 8 61 73 72 16 87 15 59 67 93 1 38 21 49 83 29 74 
Sorted array is: 1 2 5 7 8 8 10 11 14 15 16 20 20 21 22 23 23 26 27 27 29 31 35 35 36 38 41 42 44 44 45 46 49 49 49 52 53 53 54 56 56 57 59 60 61 63 63 67 69 70 70 70 72 72 73 74 74 76 78 78 79 79 80 80 81 81 81 82 82 82 82 83 83 83 83 83 84 84 84 84 85 86 87 87 87 88 89 89 89 89 90 92 92 92 93 94 96 97 98 99 
Worst case inputs: 2 81 140 157 207 212 244 321 370 399 480 563 626 635 727 792 806 815 851 930 1025 1113 1138 1147 1165 1238 1301 1313 1354 1360 1393 1473 1556 1651 1695 1731 1759 1777 1846 1934 1936 2013 2037 2037 2102 2167 2200 2229 2315 2357 2397 2451 2467 2491 2494 2569 2638 2662 2693 2717 2721 2742 2754 2766 2780 2836 2857 2917 2923 2933 2937 2996 3064 3153 3210 3220 3242 3320 3401 3401 3467 3536 3560 3636 3730 3811 3818 3839 3844 3922 3986 4037 4134 4210 4253 4260 4273 4311 4397 4412 
Sorted array is: 2 81 140 157 207 212 244 321 370 399 480 563 626 635 727 792 806 815 851 930 1025 1113 1138 1147 1165 1238 1301 1313 1354 1360 1393 1473 1556 1651 1695 1731 1759 1777 1846 1934 1936 2013 2037 2037 2102 2167 2200 2229 2315 2357 2397 2451 2467 2491 2494 2569 2638 2662 2693 2717 2721 2742 2754 2766 2780 2836 2857 2917 2923 2933 2937 2996 3064 3153 3210 3220 3242 3320 3401 3401 3467 3536 3560 3636 3730 3811 3818 3839 3844 3922 3986 4037 4134 4210 4253 4260 4273 4311 4397 4412 
