Iteration - 1
Best case input: 
7 16 18 26 33 39 41 41 48 55 
Average case inputs: 
26 11 49 64 43 66 66 73 39 9 
Worst case inputs: 
48 43 38 33 28 23 18 13 8 3 
Iteration - 2
Best case input: 
4 7 12 17 24 26 29 38 43 47 55 60 61 66 74 78 78 79 80 80 
Average case inputs: 
90 18 71 43 57 94 88 50 50 21 49 97 21 48 96 59 61 30 24 82 
Worst case inputs: 
63 58 53 48 43 38 33 28 23 18 13 8 3 -2 -7 -12 -17 -22 -27 -32 
Iteration - 3
Best case input: 
8 15 21 29 36 40 47 53 59 67 75 75 79 80 83 90 97 102 105 108 117 119 121 128 133 134 137 138 145 147 
Average case inputs: 
76 27 62 7 87 99 28 62 36 23 53 13 63 99 65 78 58 18 80 22 78 30 9 79 16 45 81 16 18 57 
Worst case inputs: 
15 10 5 0 -5 -10 -15 -20 -25 -30 -35 -40 -45 -50 -55 -60 -65 -70 -75 -80 -85 -90 -95 -100 -105 -110 -115 -120 -125 -130 
Iteration - 4
Best case input: 
1 9 13 21 25 34 39 47 55 61 66 67 72 72 75 81 88 95 97 102 106 115 117 117 126 134 138 146 154 161 168 176 183 185 193 195 201 210 217 222 
Average case inputs: 
48 25 79 90 20 88 74 41 91 87 4 83 9 8 56 81 36 77 3 26 94 19 70 92 5 53 25 57 88 96 81 73 63 10 94 38 16 68 36 80 
Worst case inputs: 
78 73 68 63 58 53 48 43 38 33 28 23 18 13 8 3 -2 -7 -12 -17 -22 -27 -32 -37 -42 -47 -52 -57 -62 -67 -72 -77 -82 -87 -92 -97 -102 -107 -112 -117 
Iteration - 5
Best case input: 
3 12 12 13 13 19 22 22 24 28 31 33 33 40 49 53 56 60 63 68 71 76 84 90 97 105 114 114 114 117 122 128 128 133 140 148 149 154 163 166 175 176 179 179 180 181 182 182 187 191 
Average case inputs: 
33 51 31 92 48 94 69 2 39 69 64 97 46 44 81 29 44 3 24 64 55 54 45 28 24 26 58 25 6 81 49 23 64 30 49 55 75 51 71 27 80 51 28 0 14 23 51 68 0 47 
Worst case inputs: 
28 23 18 13 8 3 -2 -7 -12 -17 -22 -27 -32 -37 -42 -47 -52 -57 -62 -67 -72 -77 -82 -87 -92 -97 -102 -107 -112 -117 -122 -127 -132 -137 -142 -147 -152 -157 -162 -167 -172 -177 -182 -187 -192 -197 -202 -207 -212 -217 
Iteration - 6
Best case input: 
7 11 12 18 19 21 26 31 40 40 43 49 53 57 64 68 69 78 78 81 90 90 98 104 105 107 111 114 116 119 128 136 141 144 146 153 159 161 162 171 176 182 184 189 189 196 202 206 206 213 222 222 227 229 234 243 248 256 261 268 
Average case inputs: 
18 7 91 5 77 66 52 70 58 93 18 44 22 40 99 6 49 7 3 88 55 47 34 38 34 50 22 99 31 23 46 52 69 54 50 14 39 48 92 89 2 99 71 30 35 45 21 4 62 34 94 1 19 90 58 30 84 92 59 81 
Worst case inputs: 
87 82 77 72 67 62 57 52 47 42 37 32 27 22 17 12 7 2 -3 -8 -13 -18 -23 -28 -33 -38 -43 -48 -53 -58 -63 -68 -73 -78 -83 -88 -93 -98 -103 -108 -113 -118 -123 -128 -133 -138 -143 -148 -153 -158 -163 -168 -173 -178 -183 -188 -193 -198 -203 -208 
Iteration - 7
Best case input: 
1 4 13 20 28 30 38 43 48 48 52 55 62 65 68 76 84 84 89 93 93 97 101 105 110 119 123 128 133 139 146 149 153 155 162 163 169 172 177 177 184 190 198 199 200 200 204 206 207 215 221 226 227 235 241 248 257 260 267 271 271 275 278 278 280 281 284 292 298 306 
Average case inputs: 
46 99 84 7 49 32 61 76 47 16 72 93 23 12 34 36 46 46 63 80 88 6 58 20 74 73 42 14 53 6 58 95 94 15 38 95 65 61 75 16 79 18 70 26 87 98 65 82 89 3 11 71 70 82 72 36 7 23 90 27 84 4 49 2 30 29 82 8 88 97 
Worst case inputs: 
28 23 18 13 8 3 -2 -7 -12 -17 -22 -27 -32 -37 -42 -47 -52 -57 -62 -67 -72 -77 -82 -87 -92 -97 -102 -107 -112 -117 -122 -127 -132 -137 -142 -147 -152 -157 -162 -167 -172 -177 -182 -187 -192 -197 -202 -207 -212 -217 -222 -227 -232 -237 -242 -247 -252 -257 -262 -267 -272 -277 -282 -287 -292 -297 -302 -307 -312 -317 
Iteration - 8
Best case input: 
0 6 11 13 15 18 23 25 29 32 35 41 50 50 55 63 69 69 74 83 87 95 101 110 115 120 127 129 137 146 155 155 155 156 162 168 169 169 172 181 190 191 195 199 207 209 216 216 224 231 236 237 242 244 253 258 259 267 276 277 279 280 283 287 291 300 305 314 317 318 327 335 342 342 344 344 344 351 351 360 
Average case inputs: 
55 83 13 41 98 98 20 18 77 70 64 82 95 43 65 1 87 97 26 87 48 84 42 89 4 59 45 28 21 59 81 1 39 98 60 73 31 87 63 42 35 97 39 41 23 32 19 33 60 14 30 0 39 82 59 24 77 5 54 45 60 29 89 89 20 3 43 85 91 0 11 26 1 84 20 82 64 82 31 75 
Worst case inputs: 
7 2 -3 -8 -13 -18 -23 -28 -33 -38 -43 -48 -53 -58 -63 -68 -73 -78 -83 -88 -93 -98 -103 -108 -113 -118 -123 -128 -133 -138 -143 -148 -153 -158 -163 -168 -173 -178 -183 -188 -193 -198 -203 -208 -213 -218 -223 -228 -233 -238 -243 -248 -253 -258 -263 -268 -273 -278 -283 -288 -293 -298 -303 -308 -313 -318 -323 -328 -333 -338 -343 -348 -353 -358 -363 -368 -373 -378 -383 -388 
Iteration - 9
Best case input: 
3 11 11 17 24 30 34 43 48 50 53 57 64 72 78 81 90 90 95 96 102 102 102 105 114 122 125 129 132 135 137 143 143 148 149 150 150 150 151 157 161 166 175 183 185 192 197 197 198 198 203 208 216 221 222 224 232 234 238 238 246 247 248 255 261 266 270 275 282 290 294 300 307 312 315 322 325 334 343 347 351 358 362 363 365 368 373 380 382 384 
Average case inputs: 
58 60 69 5 63 35 35 53 39 74 33 90 66 22 5 50 24 62 18 70 0 10 97 10 86 38 83 4 11 18 26 72 23 28 81 79 86 53 1 98 39 75 41 37 29 74 14 19 10 74 64 74 63 81 63 94 16 68 69 55 56 27 31 41 97 77 47 65 15 85 69 88 82 47 97 21 41 70 95 94 42 74 3 18 80 69 12 63 2 13 
Worst case inputs: 
36 31 26 21 16 11 6 1 -4 -9 -14 -19 -24 -29 -34 -39 -44 -49 -54 -59 -64 -69 -74 -79 -84 -89 -94 -99 -104 -109 -114 -119 -124 -129 -134 -139 -144 -149 -154 -159 -164 -169 -174 -179 -184 -189 -194 -199 -204 -209 -214 -219 -224 -229 -234 -239 -244 -249 -254 -259 -264 -269 -274 -279 -284 -289 -294 -299 -304 -309 -314 -319 -324 -329 -334 -339 -344 -349 -354 -359 -364 -369 -374 -379 -384 -389 -394 -399 -404 -409 
Iteration - 10
Best case input: 
9 18 18 18 20 23 25 25 28 28 33 39 39 46 47 55 60 62 62 69 78 86 87 89 89 91 91 94 98 99 100 109 117 122 122 125 127 136 141 144 149 156 157 158 162 162 163 165 174 180 187 188 197 203 212 219 219 224 226 229 231 234 239 248 249 249 258 264 268 272 272 277 277 281 281 284 291 292 301 305 309 309 311 315 320 326 334 341 347 347 350 351 359 365 371 372 379 384 393 396 
Average case inputs: 
72 39 20 5 31 19 68 80 54 43 53 58 15 56 7 57 69 86 99 25 39 88 95 84 14 77 76 96 8 76 29 85 12 54 13 67 72 82 29 93 45 9 3 99 86 16 42 45 23 43 56 4 4 91 20 65 48 38 7 4 91 97 21 83 43 82 99 2 53 23 8 5 40 27 49 68 38 76 81 74 0 77 89 1 19 96 27 81 59 26 85 43 22 46 80 52 72 51 10 31 
Worst case inputs: 
38 33 28 23 18 13 8 3 -2 -7 -12 -17 -22 -27 -32 -37 -42 -47 -52 -57 -62 -67 -72 -77 -82 -87 -92 -97 -102 -107 -112 -117 -122 -127 -132 -137 -142 -147 -152 -157 -162 -167 -172 -177 -182 -187 -192 -197 -202 -207 -212 -217 -222 -227 -232 -237 -242 -247 -252 -257 -262 -267 -272 -277 -282 -287 -292 -297 -302 -307 -312 -317 -322 -327 -332 -337 -342 -347 -352 -357 -362 -367 -372 -377 -382 -387 -392 -397 -402 -407 -412 -417 -422 -427 -432 -437 -442 -447 -452 -457 
